Page,Image_Source_Tier,Filename,Layer1_Alt_Geographic,Rendered_Alt_Template,EXIF_GeoTag,License,Source,Attribution_Note
/areas/moncton,flag,moncton-greater-moncton-southeast-nb.webp,"Moncton, Westmorland County, New Brunswick — tidal Petitcodiac River bend and the Moncton sub-basin lowlands","{SERVICE_CATEGORY} in Moncton, New Brunswick — Moncton, Westmorland County, New Brunswick — tidal Petitcodiac River bend and the Moncton sub-basin lowlands","46.09948,-64.79980 (Moncton)",Public Domain,Wikimedia Commons — Flag of New Brunswick,"Flag used as province-tier fallback; ALL metadata describes the place, never the flag. Upgrade path: verified CC0/Unsplash photo of the place."
/areas/saint-john,flag,saint-john-fundy-saint-john-nb.webp,"Saint John, Saint John County, New Brunswick — Bay of Fundy harbour at the mouth of the Saint John River, wrapped in marine fog","{SERVICE_CATEGORY} in Saint John, New Brunswick — Saint John, Saint John County, New Brunswick — Bay of Fundy harbour at the mouth of the Saint John River, wrapped in marine fog","45.25917,-66.03889 (Saint John)",Public Domain,Wikimedia Commons — Flag of New Brunswick,"Flag used as province-tier fallback; ALL metadata describes the place, never the flag. Upgrade path: verified CC0/Unsplash photo of the place."
/areas/dieppe,flag,dieppe-greater-moncton-southeast-nb.webp,"Dieppe, Westmorland County, New Brunswick — flat sandstone lowlands between the Petitcodiac River and the Northumberland Strait road corridor","{SERVICE_CATEGORY} in Dieppe, New Brunswick — Dieppe, Westmorland County, New Brunswick — flat sandstone lowlands between the Petitcodiac River and the Northumberland Strait road corridor","46.07833,-64.68861 (Dieppe)",Public Domain,Wikimedia Commons — Flag of New Brunswick,"Flag used as province-tier fallback; ALL metadata describes the place, never the flag. Upgrade path: verified CC0/Unsplash photo of the place."
/areas/fredericton,flag,fredericton-capital-river-valley-nb.webp,"Fredericton, York County, New Brunswick — Saint John River (Wolastoq) valley flats with flood-aware riverfront neighbourhoods","{SERVICE_CATEGORY} in Fredericton, New Brunswick — Fredericton, York County, New Brunswick — Saint John River (Wolastoq) valley flats with flood-aware riverfront neighbourhoods","45.94528,-66.66667 (Fredericton)",Public Domain,Wikimedia Commons — Flag of New Brunswick,"Flag used as province-tier fallback; ALL metadata describes the place, never the flag. Upgrade path: verified CC0/Unsplash photo of the place."
/areas/riverview,flag,riverview-greater-moncton-southeast-nb.webp,"Riverview, Albert County, New Brunswick — south bank of the tidal Petitcodiac River, backed by Albert County marsh and woodland","{SERVICE_CATEGORY} in Riverview, New Brunswick — Riverview, Albert County, New Brunswick — south bank of the tidal Petitcodiac River, backed by Albert County marsh and woodland","46.05444,-64.81722 (Riverview)",Public Domain,Wikimedia Commons — Flag of New Brunswick,"Flag used as province-tier fallback; ALL metadata describes the place, never the flag. Upgrade path: verified CC0/Unsplash photo of the place."
/areas/miramichi,flag,miramichi-miramichi-river-nb.webp,"Miramichi, Northumberland County, New Brunswick — twin historic town sites facing each other across the broad Miramichi River","{SERVICE_CATEGORY} in Miramichi, New Brunswick — Miramichi, Northumberland County, New Brunswick — twin historic town sites facing each other across the broad Miramichi River","47.03677,-65.17910 (Miramichi)",Public Domain,Wikimedia Commons — Flag of New Brunswick,"Flag used as province-tier fallback; ALL metadata describes the place, never the flag. Upgrade path: verified CC0/Unsplash photo of the place."
/areas/quispamsis,flag,quispamsis-fundy-saint-john-nb.webp,"Quispamsis, Kings County, New Brunswick — coves and low hills on the Kennebecasis River northeast of Saint John","{SERVICE_CATEGORY} in Quispamsis, New Brunswick — Quispamsis, Kings County, New Brunswick — coves and low hills on the Kennebecasis River northeast of Saint John","45.44574,-65.92874 (Quispamsis)",Public Domain,Wikimedia Commons — Flag of New Brunswick,"Flag used as province-tier fallback; ALL metadata describes the place, never the flag. Upgrade path: verified CC0/Unsplash photo of the place."
/areas/rothesay,flag,rothesay-fundy-saint-john-nb.webp,"Rothesay, Kings County, New Brunswick — west-facing Kennebecasis riverfront with mature estate lots","{SERVICE_CATEGORY} in Rothesay, New Brunswick — Rothesay, Kings County, New Brunswick — west-facing Kennebecasis riverfront with mature estate lots","45.38028,-65.96861 (Rothesay)",Public Domain,Wikimedia Commons — Flag of New Brunswick,"Flag used as province-tier fallback; ALL metadata describes the place, never the flag. Upgrade path: verified CC0/Unsplash photo of the place."
/areas/tracadie,flag,tracadie-acadian-peninsula-chaleur-nb.webp,"Tracadie, Gloucester County, New Brunswick — low Gulf-shore coast at the Tracadie River mouth, fringed with beaches and peat bogs","{SERVICE_CATEGORY} in Tracadie, New Brunswick — Tracadie, Gloucester County, New Brunswick — low Gulf-shore coast at the Tracadie River mouth, fringed with beaches and peat bogs","47.51698,-64.91205 (Tracadie)",Public Domain,Wikimedia Commons — Flag of New Brunswick,"Flag used as province-tier fallback; ALL metadata describes the place, never the flag. Upgrade path: verified CC0/Unsplash photo of the place."
/areas/shediac,flag,shediac-greater-moncton-southeast-nb.webp,"Shediac, Westmorland County, New Brunswick — warm-water Northumberland Strait beach coast at Shediac Bay","{SERVICE_CATEGORY} in Shediac, New Brunswick — Shediac, Westmorland County, New Brunswick — warm-water Northumberland Strait beach coast at Shediac Bay","46.22127,-64.53977 (Shediac)",Public Domain,Wikimedia Commons — Flag of New Brunswick,"Flag used as province-tier fallback; ALL metadata describes the place, never the flag. Upgrade path: verified CC0/Unsplash photo of the place."
/areas/beaubassin-east,flag,beaubassin-east-greater-moncton-southeast-nb.webp,"Beaubassin East / Beaubassin-est, Westmorland County, New Brunswick — barrier-beach and salt-marsh shore of the Northumberland Strait","{SERVICE_CATEGORY} in Beaubassin East / Beaubassin-est, New Brunswick — Beaubassin East / Beaubassin-est, Westmorland County, New Brunswick — barrier-beach and salt-marsh shore of the Northumberland Strait","46.20067,-64.34032 (Beaubassin East / Beaubassin-est)",Public Domain,Wikimedia Commons — Flag of New Brunswick,"Flag used as province-tier fallback; ALL metadata describes the place, never the flag. Upgrade path: verified CC0/Unsplash photo of the place."
/areas/bathurst,flag,bathurst-acadian-peninsula-chaleur-nb.webp,"Bathurst, Gloucester County, New Brunswick — sheltered harbour where the Nepisiguit River meets Chaleur Bay","{SERVICE_CATEGORY} in Bathurst, New Brunswick — Bathurst, Gloucester County, New Brunswick — sheltered harbour where the Nepisiguit River meets Chaleur Bay","47.62611,-65.62833 (Bathurst)",Public Domain,Wikimedia Commons — Flag of New Brunswick,"Flag used as province-tier fallback; ALL metadata describes the place, never the flag. Upgrade path: verified CC0/Unsplash photo of the place."
/areas/sackville,flag,sackville-greater-moncton-southeast-nb.webp,"Sackville, Westmorland County, New Brunswick — edge of the vast Tantramar marshland at the head of the Bay of Fundy","{SERVICE_CATEGORY} in Sackville, New Brunswick — Sackville, Westmorland County, New Brunswick — edge of the vast Tantramar marshland at the head of the Bay of Fundy","45.91861,-64.38583 (Sackville)",Public Domain,Wikimedia Commons — Flag of New Brunswick,"Flag used as province-tier fallback; ALL metadata describes the place, never the flag. Upgrade path: verified CC0/Unsplash photo of the place."
/areas/oromocto,flag,oromocto-capital-river-valley-nb.webp,"Oromocto, Sunbury County, New Brunswick — confluence of the Oromocto and Saint John rivers beside CFB Gagetown","{SERVICE_CATEGORY} in Oromocto, New Brunswick — Oromocto, Sunbury County, New Brunswick — confluence of the Oromocto and Saint John rivers beside CFB Gagetown","45.84760,-66.47085 (Oromocto)",Public Domain,Wikimedia Commons — Flag of New Brunswick,"Flag used as province-tier fallback; ALL metadata describes the place, never the flag. Upgrade path: verified CC0/Unsplash photo of the place."
/areas/memramcook,flag,memramcook-greater-moncton-southeast-nb.webp,"Memramcook, Westmorland County, New Brunswick — sheltered agricultural valley of the tidal Memramcook River","{SERVICE_CATEGORY} in Memramcook, New Brunswick — Memramcook, Westmorland County, New Brunswick — sheltered agricultural valley of the tidal Memramcook River","45.97083,-64.59333 (Memramcook)",Public Domain,Wikimedia Commons — Flag of New Brunswick,"Flag used as province-tier fallback; ALL metadata describes the place, never the flag. Upgrade path: verified CC0/Unsplash photo of the place."
/areas/edmundston,flag,edmundston-northwest-madawaska-nb.webp,"Edmundston, Madawaska County, New Brunswick — Appalachian valley at the junction of the Madawaska and Saint John rivers, on the Quebec–Maine border","{SERVICE_CATEGORY} in Edmundston, New Brunswick — Edmundston, Madawaska County, New Brunswick — Appalachian valley at the junction of the Madawaska and Saint John rivers, on the Quebec–Maine border","47.37722,-68.29444 (Edmundston)",Public Domain,Wikimedia Commons — Flag of New Brunswick,"Flag used as province-tier fallback; ALL metadata describes the place, never the flag. Upgrade path: verified CC0/Unsplash photo of the place."
/areas/grand-bay-westfield,flag,grand-bay-westfield-fundy-saint-john-nb.webp,"Grand Bay-Westfield, Kings County, New Brunswick — wooded shoreline where the Saint John River opens into Grand Bay","{SERVICE_CATEGORY} in Grand Bay-Westfield, New Brunswick — Grand Bay-Westfield, Kings County, New Brunswick — wooded shoreline where the Saint John River opens into Grand Bay","45.34056,-66.25389 (Grand Bay-Westfield)",Public Domain,Wikimedia Commons — Flag of New Brunswick,"Flag used as province-tier fallback; ALL metadata describes the place, never the flag. Upgrade path: verified CC0/Unsplash photo of the place."
/areas/campbellton,flag,campbellton-restigouche-chaleur-nb.webp,"Campbellton, Restigouche County, New Brunswick — foot of Sugarloaf Mountain on the Restigouche River estuary","{SERVICE_CATEGORY} in Campbellton, New Brunswick — Campbellton, Restigouche County, New Brunswick — foot of Sugarloaf Mountain on the Restigouche River estuary","47.99934,-66.68351 (Campbellton)",Public Domain,Wikimedia Commons — Flag of New Brunswick,"Flag used as province-tier fallback; ALL metadata describes the place, never the flag. Upgrade path: verified CC0/Unsplash photo of the place."
/areas/hampton,flag,hampton-fundy-saint-john-nb.webp,"Hampton, Kings County, New Brunswick — low marshland bend of the Kennebecasis River","{SERVICE_CATEGORY} in Hampton, New Brunswick — Hampton, Kings County, New Brunswick — low marshland bend of the Kennebecasis River","45.52861,-65.85472 (Hampton)",Public Domain,Wikimedia Commons — Flag of New Brunswick,"Flag used as province-tier fallback; ALL metadata describes the place, never the flag. Upgrade path: verified CC0/Unsplash photo of the place."
/areas/woodstock,flag,woodstock-capital-river-valley-nb.webp,"Woodstock, Carleton County, New Brunswick — confluence of the Meduxnekeag and Saint John rivers in the upper valley","{SERVICE_CATEGORY} in Woodstock, New Brunswick — Woodstock, Carleton County, New Brunswick — confluence of the Meduxnekeag and Saint John rivers in the upper valley","46.15222,-67.59833 (Woodstock)",Public Domain,Wikimedia Commons — Flag of New Brunswick,"Flag used as province-tier fallback; ALL metadata describes the place, never the flag. Upgrade path: verified CC0/Unsplash photo of the place."
/areas/cocagne,flag,cocagne-greater-moncton-southeast-nb.webp,"Cocagne, Kent County, New Brunswick — sheltered estuary where the Cocagne River meets the Strait","{SERVICE_CATEGORY} in Cocagne, New Brunswick — Cocagne, Kent County, New Brunswick — sheltered estuary where the Cocagne River meets the Strait","46.33494,-64.61504 (Cocagne)",Public Domain,Wikimedia Commons — Flag of New Brunswick,"Flag used as province-tier fallback; ALL metadata describes the place, never the flag. Upgrade path: verified CC0/Unsplash photo of the place."
/areas/sussex,flag,sussex-fundy-saint-john-nb.webp,"Sussex, Kings County, New Brunswick — broad dairy-farm valley of the upper Kennebecasis River","{SERVICE_CATEGORY} in Sussex, New Brunswick — Sussex, Kings County, New Brunswick — broad dairy-farm valley of the upper Kennebecasis River","45.72353,-65.51039 (Sussex)",Public Domain,Wikimedia Commons — Flag of New Brunswick,"Flag used as province-tier fallback; ALL metadata describes the place, never the flag. Upgrade path: verified CC0/Unsplash photo of the place."
/areas/bouctouche,flag,bouctouche-greater-moncton-southeast-nb.webp,"Bouctouche, Kent County, New Brunswick — harbour behind the great sand dune of Bouctouche Bay","{SERVICE_CATEGORY} in Bouctouche, New Brunswick — Bouctouche, Kent County, New Brunswick — harbour behind the great sand dune of Bouctouche Bay","46.46833,-64.74028 (Bouctouche)",Public Domain,Wikimedia Commons — Flag of New Brunswick,"Flag used as province-tier fallback; ALL metadata describes the place, never the flag. Upgrade path: verified CC0/Unsplash photo of the place."
/areas/hanwell,flag,hanwell-capital-river-valley-nb.webp,"Hanwell, York County, New Brunswick — wooded upland corridor along Route 640 southwest of Fredericton","{SERVICE_CATEGORY} in Hanwell, New Brunswick — Hanwell, York County, New Brunswick — wooded upland corridor along Route 640 southwest of Fredericton","45.85100,-66.80400 (Hanwell)",Public Domain,Wikimedia Commons — Flag of New Brunswick,"Flag used as province-tier fallback; ALL metadata describes the place, never the flag. Upgrade path: verified CC0/Unsplash photo of the place."
/areas/st-stephen,flag,st-stephen-fundy-saint-john-nb.webp,"St. Stephen, Charlotte County, New Brunswick — St. Croix River border crossing to Maine","{SERVICE_CATEGORY} in St. Stephen, New Brunswick — St. Stephen, Charlotte County, New Brunswick — St. Croix River border crossing to Maine","45.18028,-67.29639 (St. Stephen)",Public Domain,Wikimedia Commons — Flag of New Brunswick,"Flag used as province-tier fallback; ALL metadata describes the place, never the flag. Upgrade path: verified CC0/Unsplash photo of the place."
/areas/grand-falls,flag,grand-falls-northwest-madawaska-nb.webp,"Grand Falls / Grand-Sault, Victoria County, New Brunswick — gorge and cataract of the Saint John River","{SERVICE_CATEGORY} in Grand Falls / Grand-Sault, New Brunswick — Grand Falls / Grand-Sault, Victoria County, New Brunswick — gorge and cataract of the Saint John River","47.05250,-67.73500 (Grand Falls / Grand-Sault)",Public Domain,Wikimedia Commons — Flag of New Brunswick,"Flag used as province-tier fallback; ALL metadata describes the place, never the flag. Upgrade path: verified CC0/Unsplash photo of the place."
/areas/salisbury,flag,salisbury-greater-moncton-southeast-nb.webp,"Salisbury, Westmorland County, New Brunswick — upper Petitcodiac River valley farmland","{SERVICE_CATEGORY} in Salisbury, New Brunswick — Salisbury, Westmorland County, New Brunswick — upper Petitcodiac River valley farmland","46.02885,-65.04329 (Salisbury)",Public Domain,Wikimedia Commons — Flag of New Brunswick,"Flag used as province-tier fallback; ALL metadata describes the place, never the flag. Upgrade path: verified CC0/Unsplash photo of the place."
/areas/saint-andrews,flag,saint-andrews-fundy-saint-john-nb.webp,"Saint Andrews, Charlotte County, New Brunswick — Passamaquoddy Bay peninsula with a Loyalist-era grid","{SERVICE_CATEGORY} in Saint Andrews, New Brunswick — Saint Andrews, Charlotte County, New Brunswick — Passamaquoddy Bay peninsula with a Loyalist-era grid","45.07991,-67.05837 (Saint Andrews)",Public Domain,Wikimedia Commons — Flag of New Brunswick,"Flag used as province-tier fallback; ALL metadata describes the place, never the flag. Upgrade path: verified CC0/Unsplash photo of the place."
/areas/st-george,flag,st-george-fundy-saint-john-nb.webp,"St. George, Charlotte County, New Brunswick — granite gorge of the Magaguadavic River","{SERVICE_CATEGORY} in St. George, New Brunswick — St. George, Charlotte County, New Brunswick — granite gorge of the Magaguadavic River","45.13201,-66.82023 (St. George)",Public Domain,Wikimedia Commons — Flag of New Brunswick,"Flag used as province-tier fallback; ALL metadata describes the place, never the flag. Upgrade path: verified CC0/Unsplash photo of the place."
/areas/richibucto,flag,richibucto-greater-moncton-southeast-nb.webp,"Richibucto, Kent County, New Brunswick — estuary port at the mouth of the Richibucto River","{SERVICE_CATEGORY} in Richibucto, New Brunswick — Richibucto, Kent County, New Brunswick — estuary port at the mouth of the Richibucto River","46.68107,-64.86895 (Richibucto)",Public Domain,Wikimedia Commons — Flag of New Brunswick,"Flag used as province-tier fallback; ALL metadata describes the place, never the flag. Upgrade path: verified CC0/Unsplash photo of the place."
/areas/cap-pele,flag,cap-pele-greater-moncton-southeast-nb.webp,"Cap-Pelé, Westmorland County, New Brunswick — smokehouse-lined shore of the Northumberland Strait","{SERVICE_CATEGORY} in Cap-Pelé, New Brunswick — Cap-Pelé, Westmorland County, New Brunswick — smokehouse-lined shore of the Northumberland Strait","46.21667,-64.26667 (Cap-Pelé)",Public Domain,Wikimedia Commons — Flag of New Brunswick,"Flag used as province-tier fallback; ALL metadata describes the place, never the flag. Upgrade path: verified CC0/Unsplash photo of the place."
/areas/new-maryland,flag,new-maryland-capital-river-valley-nb.webp,"New Maryland, York County, New Brunswick — upland plateau just south of Fredericton","{SERVICE_CATEGORY} in New Maryland, New Brunswick — New Maryland, York County, New Brunswick — upland plateau just south of Fredericton","45.87917,-66.66944 (New Maryland)",Public Domain,Wikimedia Commons — Flag of New Brunswick,"Flag used as province-tier fallback; ALL metadata describes the place, never the flag. Upgrade path: verified CC0/Unsplash photo of the place."
/areas/saint-antoine,flag,saint-antoine-greater-moncton-southeast-nb.webp,"Saint-Antoine, Kent County, New Brunswick — inland Kent County farm and forest country","{SERVICE_CATEGORY} in Saint-Antoine, New Brunswick — Saint-Antoine, Kent County, New Brunswick — inland Kent County farm and forest country","46.36286,-64.75264 (Saint-Antoine)",Public Domain,Wikimedia Commons — Flag of New Brunswick,"Flag used as province-tier fallback; ALL metadata describes the place, never the flag. Upgrade path: verified CC0/Unsplash photo of the place."
/areas/hillsborough,flag,hillsborough-greater-moncton-southeast-nb.webp,"Hillsborough, Albert County, New Brunswick — gypsum hills over the tidal Petitcodiac","{SERVICE_CATEGORY} in Hillsborough, New Brunswick — Hillsborough, Albert County, New Brunswick — gypsum hills over the tidal Petitcodiac","45.92225,-64.64536 (Hillsborough)",Public Domain,Wikimedia Commons — Flag of New Brunswick,"Flag used as province-tier fallback; ALL metadata describes the place, never the flag. Upgrade path: verified CC0/Unsplash photo of the place."
/areas/petitcodiac,flag,petitcodiac-greater-moncton-southeast-nb.webp,"Petitcodiac, Westmorland County, New Brunswick — headwater valley of the Petitcodiac River","{SERVICE_CATEGORY} in Petitcodiac, New Brunswick — Petitcodiac, Westmorland County, New Brunswick — headwater valley of the Petitcodiac River","45.93022,-65.16805 (Petitcodiac)",Public Domain,Wikimedia Commons — Flag of New Brunswick,"Flag used as province-tier fallback; ALL metadata describes the place, never the flag. Upgrade path: verified CC0/Unsplash photo of the place."
/areas/upper-miramichi,flag,upper-miramichi-miramichi-river-nb.webp,"Upper Miramichi, Northumberland County, New Brunswick — forested headwaters of the Main Southwest Miramichi River","{SERVICE_CATEGORY} in Upper Miramichi, New Brunswick — Upper Miramichi, Northumberland County, New Brunswick — forested headwaters of the Main Southwest Miramichi River","46.53229,-66.45290 (Upper Miramichi)",Public Domain,Wikimedia Commons — Flag of New Brunswick,"Flag used as province-tier fallback; ALL metadata describes the place, never the flag. Upgrade path: verified CC0/Unsplash photo of the place."
/areas/grand-manan,flag,grand-manan-fundy-saint-john-nb.webp,"Grand Manan, Charlotte County, New Brunswick — cliff-edged Fundy island with working harbours","{SERVICE_CATEGORY} in Grand Manan, New Brunswick — Grand Manan, Charlotte County, New Brunswick — cliff-edged Fundy island with working harbours","44.69806,-66.82222 (Grand Manan)",Public Domain,Wikimedia Commons — Flag of New Brunswick,"Flag used as province-tier fallback; ALL metadata describes the place, never the flag. Upgrade path: verified CC0/Unsplash photo of the place."
/areas/caraquet,flag,caraquet-acadian-peninsula-chaleur-nb.webp,"Caraquet, Gloucester County, New Brunswick — harbour terrace along Chaleur Bay","{SERVICE_CATEGORY} in Caraquet, New Brunswick — Caraquet, Gloucester County, New Brunswick — harbour terrace along Chaleur Bay","47.76556,-64.95000 (Caraquet)",Public Domain,Wikimedia Commons — Flag of New Brunswick,"Flag used as province-tier fallback; ALL metadata describes the place, never the flag. Upgrade path: verified CC0/Unsplash photo of the place."
/areas/norton,flag,norton-fundy-saint-john-nb.webp,"Norton, Kings County, New Brunswick — mid-valley farmland on the Kennebecasis River","{SERVICE_CATEGORY} in Norton, New Brunswick — Norton, Kings County, New Brunswick — mid-valley farmland on the Kennebecasis River","45.65056,-65.73139 (Norton)",Public Domain,Wikimedia Commons — Flag of New Brunswick,"Flag used as province-tier fallback; ALL metadata describes the place, never the flag. Upgrade path: verified CC0/Unsplash photo of the place."
/areas/beresford,flag,beresford-acadian-peninsula-chaleur-nb.webp,"Beresford, Gloucester County, New Brunswick — sand and saltmarsh shore of Chaleur Bay","{SERVICE_CATEGORY} in Beresford, New Brunswick — Beresford, Gloucester County, New Brunswick — sand and saltmarsh shore of Chaleur Bay","47.71101,-65.70596 (Beresford)",Public Domain,Wikimedia Commons — Flag of New Brunswick,"Flag used as province-tier fallback; ALL metadata describes the place, never the flag. Upgrade path: verified CC0/Unsplash photo of the place."
/areas/minto,flag,minto-capital-river-valley-nb.webp,"Minto, Queens County, New Brunswick — coalfield flats near Grand Lake","{SERVICE_CATEGORY} in Minto, New Brunswick — Minto, Queens County, New Brunswick — coalfield flats near Grand Lake","46.07769,-66.07850 (Minto)",Public Domain,Wikimedia Commons — Flag of New Brunswick,"Flag used as province-tier fallback; ALL metadata describes the place, never the flag. Upgrade path: verified CC0/Unsplash photo of the place."
/areas/sussex-corner,flag,sussex-corner-fundy-saint-john-nb.webp,"Sussex Corner, Kings County, New Brunswick — valley shoulder where the Kennebecasis meets the Fundy hills","{SERVICE_CATEGORY} in Sussex Corner, New Brunswick — Sussex Corner, Kings County, New Brunswick — valley shoulder where the Kennebecasis meets the Fundy hills","45.71080,-65.47390 (Sussex Corner)",Public Domain,Wikimedia Commons — Flag of New Brunswick,"Flag used as province-tier fallback; ALL metadata describes the place, never the flag. Upgrade path: verified CC0/Unsplash photo of the place."
/areas/shippagan,flag,shippagan-acadian-peninsula-chaleur-nb.webp,"Shippagan, Gloucester County, New Brunswick — low peat-bog peninsula tip facing Lamèque Island","{SERVICE_CATEGORY} in Shippagan, New Brunswick — Shippagan, Gloucester County, New Brunswick — low peat-bog peninsula tip facing Lamèque Island","47.73556,-64.72361 (Shippagan)",Public Domain,Wikimedia Commons — Flag of New Brunswick,"Flag used as province-tier fallback; ALL metadata describes the place, never the flag. Upgrade path: verified CC0/Unsplash photo of the place."
/areas/chipman,flag,chipman-capital-river-valley-nb.webp,"Chipman, Queens County, New Brunswick — Salmon River lowlands at the head of Grand Lake","{SERVICE_CATEGORY} in Chipman, New Brunswick — Chipman, Queens County, New Brunswick — Salmon River lowlands at the head of Grand Lake","46.17783,-65.87748 (Chipman)",Public Domain,Wikimedia Commons — Flag of New Brunswick,"Flag used as province-tier fallback; ALL metadata describes the place, never the flag. Upgrade path: verified CC0/Unsplash photo of the place."
/areas/rogersville,flag,rogersville-miramichi-river-nb.webp,"Rogersville, Northumberland County, New Brunswick — blueberry and farm flats on the inland Kent–Northumberland line","{SERVICE_CATEGORY} in Rogersville, New Brunswick — Rogersville, Northumberland County, New Brunswick — blueberry and farm flats on the inland Kent–Northumberland line","46.73151,-65.42669 (Rogersville)",Public Domain,Wikimedia Commons — Flag of New Brunswick,"Flag used as province-tier fallback; ALL metadata describes the place, never the flag. Upgrade path: verified CC0/Unsplash photo of the place."
/areas/florenceville-bristol,flag,florenceville-bristol-capital-river-valley-nb.webp,"Florenceville-Bristol, Carleton County, New Brunswick — potato-belt benchlands over the Saint John River","{SERVICE_CATEGORY} in Florenceville-Bristol, New Brunswick — Florenceville-Bristol, Carleton County, New Brunswick — potato-belt benchlands over the Saint John River","46.45213,-67.60644 (Florenceville-Bristol)",Public Domain,Wikimedia Commons — Flag of New Brunswick,"Flag used as province-tier fallback; ALL metadata describes the place, never the flag. Upgrade path: verified CC0/Unsplash photo of the place."
/areas/campobello-island,flag,campobello-island-fundy-saint-john-nb.webp,"Campobello Island, Charlotte County, New Brunswick — outer Passamaquoddy island reached by bridge from Maine","{SERVICE_CATEGORY} in Campobello Island, New Brunswick — Campobello Island, Charlotte County, New Brunswick — outer Passamaquoddy island reached by bridge from Maine","44.88598,-66.91097 (Campobello Island)",Public Domain,Wikimedia Commons — Flag of New Brunswick,"Flag used as province-tier fallback; ALL metadata describes the place, never the flag. Upgrade path: verified CC0/Unsplash photo of the place."
/areas/mcadam,flag,mcadam-capital-river-valley-nb.webp,"McAdam, York County, New Brunswick — rail-junction clearing in the southwestern York County woods","{SERVICE_CATEGORY} in McAdam, New Brunswick — McAdam, York County, New Brunswick — rail-junction clearing in the southwestern York County woods","45.59222,-67.30806 (McAdam)",Public Domain,Wikimedia Commons — Flag of New Brunswick,"Flag used as province-tier fallback; ALL metadata describes the place, never the flag. Upgrade path: verified CC0/Unsplash photo of the place."
/areas/neguac,flag,neguac-miramichi-river-nb.webp,"Neguac, Northumberland County, New Brunswick — sheltered inner shore of Miramichi Bay","{SERVICE_CATEGORY} in Neguac, New Brunswick — Neguac, Northumberland County, New Brunswick — sheltered inner shore of Miramichi Bay","47.24388,-65.08409 (Neguac)",Public Domain,Wikimedia Commons — Flag of New Brunswick,"Flag used as province-tier fallback; ALL metadata describes the place, never the flag. Upgrade path: verified CC0/Unsplash photo of the place."
/areas/dorchester,flag,dorchester-greater-moncton-southeast-nb.webp,"Dorchester, Westmorland County, New Brunswick — sandstone ridge over the Memramcook estuary marshes","{SERVICE_CATEGORY} in Dorchester, New Brunswick — Dorchester, Westmorland County, New Brunswick — sandstone ridge over the Memramcook estuary marshes","45.89925,-64.51661 (Dorchester)",Public Domain,Wikimedia Commons — Flag of New Brunswick,"Flag used as province-tier fallback; ALL metadata describes the place, never the flag. Upgrade path: verified CC0/Unsplash photo of the place."
/areas/dalhousie,flag,dalhousie-restigouche-chaleur-nb.webp,"Dalhousie, Restigouche County, New Brunswick — point of land where the Restigouche estuary opens into Chaleur Bay","{SERVICE_CATEGORY} in Dalhousie, New Brunswick — Dalhousie, Restigouche County, New Brunswick — point of land where the Restigouche estuary opens into Chaleur Bay","48.04861,-66.39028 (Dalhousie)",Public Domain,Wikimedia Commons — Flag of New Brunswick,"Flag used as province-tier fallback; ALL metadata describes the place, never the flag. Upgrade path: verified CC0/Unsplash photo of the place."
/areas/lameque,flag,lameque-acadian-peninsula-chaleur-nb.webp,"Lamèque, Gloucester County, New Brunswick — flat peat-bog island between Chaleur Bay and the Gulf","{SERVICE_CATEGORY} in Lamèque, New Brunswick — Lamèque, Gloucester County, New Brunswick — flat peat-bog island between Chaleur Bay and the Gulf","47.81306,-64.62361 (Lamèque)",Public Domain,Wikimedia Commons — Flag of New Brunswick,"Flag used as province-tier fallback; ALL metadata describes the place, never the flag. Upgrade path: verified CC0/Unsplash photo of the place."
/areas/nackawic,flag,nackawic-capital-river-valley-nb.webp,"Nackawic, York County, New Brunswick — terraced townsite over the Mactaquac headpond of the Saint John River","{SERVICE_CATEGORY} in Nackawic, New Brunswick — Nackawic, York County, New Brunswick — terraced townsite over the Mactaquac headpond of the Saint John River","45.99330,-67.22000 (Nackawic)",Public Domain,Wikimedia Commons — Flag of New Brunswick,"Flag used as province-tier fallback; ALL metadata describes the place, never the flag. Upgrade path: verified CC0/Unsplash photo of the place."
/areas/blacks-harbour,flag,blacks-harbour-fundy-saint-john-nb.webp,"Blacks Harbour, Charlotte County, New Brunswick — working harbour cut into the Fundy shore","{SERVICE_CATEGORY} in Blacks Harbour, New Brunswick — Blacks Harbour, Charlotte County, New Brunswick — working harbour cut into the Fundy shore","45.05888,-66.78485 (Blacks Harbour)",Public Domain,Wikimedia Commons — Flag of New Brunswick,"Flag used as province-tier fallback; ALL metadata describes the place, never the flag. Upgrade path: verified CC0/Unsplash photo of the place."
/areas/saint-quentin,flag,saint-quentin-restigouche-chaleur-nb.webp,"Saint-Quentin, Restigouche County, New Brunswick — high Appalachian plateau of maple woods","{SERVICE_CATEGORY} in Saint-Quentin, New Brunswick — Saint-Quentin, Restigouche County, New Brunswick — high Appalachian plateau of maple woods","47.51355,-67.39229 (Saint-Quentin)",Public Domain,Wikimedia Commons — Flag of New Brunswick,"Flag used as province-tier fallback; ALL metadata describes the place, never the flag. Upgrade path: verified CC0/Unsplash photo of the place."
/areas/rexton,flag,rexton-greater-moncton-southeast-nb.webp,"Rexton, Kent County, New Brunswick — tidal river flats of the lower Richibucto","{SERVICE_CATEGORY} in Rexton, New Brunswick — Rexton, Kent County, New Brunswick — tidal river flats of the lower Richibucto","46.64290,-64.87140 (Rexton)",Public Domain,Wikimedia Commons — Flag of New Brunswick,"Flag used as province-tier fallback; ALL metadata describes the place, never the flag. Upgrade path: verified CC0/Unsplash photo of the place."
/areas/haut-madawaska,flag,haut-madawaska-northwest-madawaska-nb.webp,"Haut-Madawaska, Madawaska County, New Brunswick — upper Saint John River border bench facing Maine","{SERVICE_CATEGORY} in Haut-Madawaska, New Brunswick — Haut-Madawaska, Madawaska County, New Brunswick — upper Saint John River border bench facing Maine","47.30157,-68.52136 (Haut-Madawaska)",Public Domain,Wikimedia Commons — Flag of New Brunswick,"Flag used as province-tier fallback; ALL metadata describes the place, never the flag. Upgrade path: verified CC0/Unsplash photo of the place."
/areas/saint-andre,flag,saint-andre-northwest-madawaska-nb.webp,"Saint-André, Madawaska County, New Brunswick — open potato benchlands above the upper Saint John River","{SERVICE_CATEGORY} in Saint-André, New Brunswick — Saint-André, Madawaska County, New Brunswick — open potato benchlands above the upper Saint John River","47.13460,-67.74531 (Saint-André)",Public Domain,Wikimedia Commons — Flag of New Brunswick,"Flag used as province-tier fallback; ALL metadata describes the place, never the flag. Upgrade path: verified CC0/Unsplash photo of the place."
/areas/gagetown,flag,gagetown-capital-river-valley-nb.webp,"Gagetown, Queens County, New Brunswick — riverbank shiretown reach of the lower Saint John","{SERVICE_CATEGORY} in Gagetown, New Brunswick — Gagetown, Queens County, New Brunswick — riverbank shiretown reach of the lower Saint John","45.77000,-66.16278 (Gagetown)",Public Domain,Wikimedia Commons — Flag of New Brunswick,"Flag used as province-tier fallback; ALL metadata describes the place, never the flag. Upgrade path: verified CC0/Unsplash photo of the place."
/areas/saint-louis-de-kent,flag,saint-louis-de-kent-greater-moncton-southeast-nb.webp,"Saint-Louis de Kent, Kent County, New Brunswick — wooded coastal plain at the edge of Kouchibouguac National Park","{SERVICE_CATEGORY} in Saint-Louis de Kent, New Brunswick — Saint-Louis de Kent, Kent County, New Brunswick — wooded coastal plain at the edge of Kouchibouguac National Park","46.73658,-64.97158 (Saint-Louis de Kent)",Public Domain,Wikimedia Commons — Flag of New Brunswick,"Flag used as province-tier fallback; ALL metadata describes the place, never the flag. Upgrade path: verified CC0/Unsplash photo of the place."
/areas/cambridge-narrows,flag,cambridge-narrows-capital-river-valley-nb.webp,"Cambridge-Narrows, Queens County, New Brunswick — bridge-linked narrows of Washademoak Lake","{SERVICE_CATEGORY} in Cambridge-Narrows, New Brunswick — Cambridge-Narrows, Queens County, New Brunswick — bridge-linked narrows of Washademoak Lake","45.81194,-65.96528 (Cambridge-Narrows)",Public Domain,Wikimedia Commons — Flag of New Brunswick,"Flag used as province-tier fallback; ALL metadata describes the place, never the flag. Upgrade path: verified CC0/Unsplash photo of the place."
/areas/kedgwick,flag,kedgwick-restigouche-chaleur-nb.webp,"Kedgwick, Restigouche County, New Brunswick — high timberland plateau above the Restigouche River","{SERVICE_CATEGORY} in Kedgwick, New Brunswick — Kedgwick, Restigouche County, New Brunswick — high timberland plateau above the Restigouche River","47.64585,-67.34334 (Kedgwick)",Public Domain,Wikimedia Commons — Flag of New Brunswick,"Flag used as province-tier fallback; ALL metadata describes the place, never the flag. Upgrade path: verified CC0/Unsplash photo of the place."
/areas/fredericton-junction,flag,fredericton-junction-capital-river-valley-nb.webp,"Fredericton Junction, Sunbury County, New Brunswick — rail-junction village on the South Branch Oromocto River","{SERVICE_CATEGORY} in Fredericton Junction, New Brunswick — Fredericton Junction, Sunbury County, New Brunswick — rail-junction village on the South Branch Oromocto River","45.66299,-66.61359 (Fredericton Junction)",Public Domain,Wikimedia Commons — Flag of New Brunswick,"Flag used as province-tier fallback; ALL metadata describes the place, never the flag. Upgrade path: verified CC0/Unsplash photo of the place."
/areas/petit-rocher,flag,petit-rocher-acadian-peninsula-chaleur-nb.webp,"Petit-Rocher, Gloucester County, New Brunswick — wharf-centred shore terrace on Chaleur Bay","{SERVICE_CATEGORY} in Petit-Rocher, New Brunswick — Petit-Rocher, Gloucester County, New Brunswick — wharf-centred shore terrace on Chaleur Bay","47.78333,-65.71667 (Petit-Rocher)",Public Domain,Wikimedia Commons — Flag of New Brunswick,"Flag used as province-tier fallback; ALL metadata describes the place, never the flag. Upgrade path: verified CC0/Unsplash photo of the place."
/areas/hartland,flag,hartland-capital-river-valley-nb.webp,"Hartland, Carleton County, New Brunswick — covered-bridge crossing of the Saint John River","{SERVICE_CATEGORY} in Hartland, New Brunswick — Hartland, Carleton County, New Brunswick — covered-bridge crossing of the Saint John River","46.29861,-67.50000 (Hartland)",Public Domain,Wikimedia Commons — Flag of New Brunswick,"Flag used as province-tier fallback; ALL metadata describes the place, never the flag. Upgrade path: verified CC0/Unsplash photo of the place."
/areas/tracy,flag,tracy-capital-river-valley-nb.webp,"Tracy, Sunbury County, New Brunswick — forest-and-river village on the South Branch Oromocto","{SERVICE_CATEGORY} in Tracy, New Brunswick — Tracy, Sunbury County, New Brunswick — forest-and-river village on the South Branch Oromocto","45.67673,-66.68278 (Tracy)",Public Domain,Wikimedia Commons — Flag of New Brunswick,"Flag used as province-tier fallback; ALL metadata describes the place, never the flag. Upgrade path: verified CC0/Unsplash photo of the place."
/areas/region/greater-moncton-southeast,flag,region-greater-moncton-southeast-nb.webp,"Greater Moncton & Southeast region, New Brunswick — Westmorland, Albert, Kent counties","{SERVICE_CATEGORY} across the Greater Moncton & Southeast region, New Brunswick — Greater Moncton & Southeast region, New Brunswick — Westmorland, Albert, Kent counties",,Public Domain,Wikimedia Commons — Flag of New Brunswick,Province-tier fallback; metadata describes the region.
/areas/region/fundy-saint-john,flag,region-fundy-saint-john-nb.webp,"Fundy & Greater Saint John region, New Brunswick — Saint John, Kings, Charlotte counties","{SERVICE_CATEGORY} across the Fundy & Greater Saint John region, New Brunswick — Fundy & Greater Saint John region, New Brunswick — Saint John, Kings, Charlotte counties",,Public Domain,Wikimedia Commons — Flag of New Brunswick,Province-tier fallback; metadata describes the region.
/areas/region/capital-river-valley,flag,region-capital-river-valley-nb.webp,"Capital & River Valley region, New Brunswick — York, Sunbury, Queens, Carleton counties","{SERVICE_CATEGORY} across the Capital & River Valley region, New Brunswick — Capital & River Valley region, New Brunswick — York, Sunbury, Queens, Carleton counties",,Public Domain,Wikimedia Commons — Flag of New Brunswick,Province-tier fallback; metadata describes the region.
/areas/region/northwest-madawaska,flag,region-northwest-madawaska-nb.webp,"Northwest & Madawaska region, New Brunswick — Madawaska, Victoria counties","{SERVICE_CATEGORY} across the Northwest & Madawaska region, New Brunswick — Northwest & Madawaska region, New Brunswick — Madawaska, Victoria counties",,Public Domain,Wikimedia Commons — Flag of New Brunswick,Province-tier fallback; metadata describes the region.
/areas/region/miramichi-river,flag,region-miramichi-river-nb.webp,"Miramichi River Region region, New Brunswick — Northumberland county","{SERVICE_CATEGORY} across the Miramichi River Region region, New Brunswick — Miramichi River Region region, New Brunswick — Northumberland county",,Public Domain,Wikimedia Commons — Flag of New Brunswick,Province-tier fallback; metadata describes the region.
/areas/region/acadian-peninsula-chaleur,flag,region-acadian-peninsula-chaleur-nb.webp,"Acadian Peninsula & Chaleur region, New Brunswick — Gloucester county","{SERVICE_CATEGORY} across the Acadian Peninsula & Chaleur region, New Brunswick — Acadian Peninsula & Chaleur region, New Brunswick — Gloucester county",,Public Domain,Wikimedia Commons — Flag of New Brunswick,Province-tier fallback; metadata describes the region.
/areas/region/restigouche-chaleur,flag,region-restigouche-chaleur-nb.webp,"Restigouche & Chaleur Bay region, New Brunswick — Restigouche county","{SERVICE_CATEGORY} across the Restigouche & Chaleur Bay region, New Brunswick — Restigouche & Chaleur Bay region, New Brunswick — Restigouche county",,Public Domain,Wikimedia Commons — Flag of New Brunswick,Province-tier fallback; metadata describes the region.
/areas,flag,areas-new-brunswick-nb.webp,"New Brunswick, Canada — Bay of Fundy to the Acadian Peninsula service map",{SERVICE_CATEGORY} across New Brunswick — province service map,,Public Domain,Wikimedia Commons — Flag of New Brunswick,Province hub fallback.
/areas/saint-john/uptown-saint-john,flag,uptown-saint-john-fundy-saint-john-nb.webp,"Uptown Saint John, Saint John County, New Brunswick — brick-and-stone heritage core on the harbour hill","{SERVICE_CATEGORY} in Uptown Saint John, New Brunswick — Uptown Saint John, Saint John County, New Brunswick — brick-and-stone heritage core on the harbour hill","45.27330,-66.05890 (Uptown Saint John)",Public Domain,Wikimedia Commons — Flag of New Brunswick,"Neighborhood page; province-tier flag fallback, metadata describes the neighborhood. Upgrade path: verified CC0/Unsplash photo of the neighborhood."
/areas/saint-john/north-end-saint-john,flag,north-end-saint-john-fundy-saint-john-nb.webp,"the North End, Saint John County, New Brunswick — older harbour-side district below the Saint John Throughway","{SERVICE_CATEGORY} in the North End, New Brunswick — the North End, Saint John County, New Brunswick — older harbour-side district below the Saint John Throughway","45.27000,-66.08100 (the North End)",Public Domain,Wikimedia Commons — Flag of New Brunswick,"Neighborhood page; province-tier flag fallback, metadata describes the neighborhood. Upgrade path: verified CC0/Unsplash photo of the neighborhood."
/areas/saint-john/south-end-saint-john,flag,south-end-saint-john-fundy-saint-john-nb.webp,"the South End, Saint John County, New Brunswick — waterfront peninsula tip of dense Victorian rowhousing","{SERVICE_CATEGORY} in the South End, New Brunswick — the South End, Saint John County, New Brunswick — waterfront peninsula tip of dense Victorian rowhousing","45.26500,-66.05700 (the South End)",Public Domain,Wikimedia Commons — Flag of New Brunswick,"Neighborhood page; province-tier flag fallback, metadata describes the neighborhood. Upgrade path: verified CC0/Unsplash photo of the neighborhood."
/areas/saint-john/west-side-saint-john,flag,west-side-saint-john-fundy-saint-john-nb.webp,"the West Side, Saint John County, New Brunswick — harbour's west shore around the Reversing Falls","{SERVICE_CATEGORY} in the West Side, New Brunswick — the West Side, Saint John County, New Brunswick — harbour's west shore around the Reversing Falls","45.25000,-66.10000 (the West Side)",Public Domain,Wikimedia Commons — Flag of New Brunswick,"Neighborhood page; province-tier flag fallback, metadata describes the neighborhood. Upgrade path: verified CC0/Unsplash photo of the neighborhood."
/areas/fredericton/downtown-fredericton,flag,downtown-fredericton-capital-river-valley-nb.webp,"Downtown Fredericton, York County, New Brunswick — riverfront Garrison District on the Saint John River","{SERVICE_CATEGORY} in Downtown Fredericton, New Brunswick — Downtown Fredericton, York County, New Brunswick — riverfront Garrison District on the Saint John River","45.96200,-66.64000 (Downtown Fredericton)",Public Domain,Wikimedia Commons — Flag of New Brunswick,"Neighborhood page; province-tier flag fallback, metadata describes the neighborhood. Upgrade path: verified CC0/Unsplash photo of the neighborhood."
/areas/fredericton/marysville,flag,marysville-capital-river-valley-nb.webp,"Marysville, York County, New Brunswick — planned 19th-century cotton-mill town on the Nashwaak River","{SERVICE_CATEGORY} in Marysville, New Brunswick — Marysville, York County, New Brunswick — planned 19th-century cotton-mill town on the Nashwaak River","45.98000,-66.58500 (Marysville)",Public Domain,Wikimedia Commons — Flag of New Brunswick,"Neighborhood page; province-tier flag fallback, metadata describes the neighborhood. Upgrade path: verified CC0/Unsplash photo of the neighborhood."
/areas/moncton/downtown-moncton,flag,downtown-moncton-greater-moncton-southeast-nb.webp,"Downtown Moncton, Westmorland County, New Brunswick — Main Street core on the bend of the tidal Petitcodiac","{SERVICE_CATEGORY} in Downtown Moncton, New Brunswick — Downtown Moncton, Westmorland County, New Brunswick — Main Street core on the bend of the tidal Petitcodiac","46.09200,-64.78500 (Downtown Moncton)",Public Domain,Wikimedia Commons — Flag of New Brunswick,"Neighborhood page; province-tier flag fallback, metadata describes the neighborhood. Upgrade path: verified CC0/Unsplash photo of the neighborhood."
